1 
    6824        4817        4572        8582        8172        2487        2840        4645        8261        8319    
  \ 
2 
    4341        160        10789        5639        2284        1248        2037        2379        2745        3431    
  \ 
3 
    421        3503        5561        2311        7083        5478        4725        5250        7086        11038    
  \ 
4 
    3595        5437        4185        146        1711        4419        5453        5576        9252        4596    
  \ 
5 
    2127        2682        3374        3559        5241        11429        3252        4918        8952        276    
  \ 
6 
    5440        5739        2682        405        775        1835        1864        2934        3380        4305    
  \ 
7 
    2096        6569        6017        5292        5295        5903        10109        9977        5780        9726    
  \ 
8 
    3774        1794        9721        5898        8047        10912        978        7507        708        987    
  \ 
9 
    4754        5300        7014        5071        6192        9975        5683        1759        499        8378    
  \ 
10 
    4329        10617        9530        1729        1652        2061        2779        3386        3949        5586    
  \ 
11 
    7818        8343        4139        4562        4912        8158        9826        7602        1350        2257    
  \ 
12 
    8095        6960        6981        133        135        1585        6761        6968        7361        8802    
  \ 
13 
    3401        2884        8221        5276        1612        11037        9863        2798        5855        6635    
  \ 
14 
    5749        406        4493        5866        6260        6628        7759        9916        8503        8411    
  \ 
15 
    1848        273        585        1128        1293        1908        3228        5004        5717        6020    
  \ 
16 
    6098        9175        5781        1848        10028        9859        2335        11208        664        7888    
  \ 
17 
    10981        588        10980        10288        1671        11128        8785        9265        9658        10439    
  \ 
18 
    345        1671        2120        4507        10288        7060        8080        4685        5709        337    
  \ 
19 
    1908        2260        9028        1407        350        351        819        879        979        1143    
  \ 
20 
    4386        2235        9228        10831        4797        6491        7426        3901        6135        735    
  \ 
21 
    478        7864        733        8910        2502        2894        8740        11236        2900        5528    
  \ 
22 
    483        4885        6400        10562        6221        601        11269        3918        7848        91    
  \ 
23 
    8565        4501        5410        4737        9791        5171        5703        3019        4404        4167    
  \ 
24 
    6663        1235        9473        9135        10256        11374        6304        9737        2640        207    
  \ 
25 
    1433        3351        2450        3544        10059        8058        32        47        2946        2964    
  \ 
26 
    6842        4643        5006        5407        8034        619        3457        8173        9383        1295    
  \ 
27 
    124        8519        3348        3356        5488        7234        7653        9870        7774        3334    
  \ 
28 
    2995        3946        6906        8252        10295        10832        4852        7482        5196        5471    
  \ 
29 
    5394        3004        9133        4494        1354        884        1554        10283        10699        9023    
  \ 
30 
    7628        10246        112        718        1564        1890        7338        8782        9449        764    
  \ 
31 
    1118        8393        4492        8615        3104        5307        2110        4135        1245        207    
  \ 
32 
    1703        9160        10456        914        3930        1822        5535        124        1154        1441    
  \ 
33 
    7053        7052        8923        11262        8184        7628        5405        5099        4890        11408    
  \ 
34 
    11263        1080        9843        2729        2363        8174        6656        11400        10588        10792    
  \ 
35 
    5115        6592        8510        4510        10297        225        579        739        1557        1558    
  \ 
36 
    140        143        263        1157        1457        1592        2465        2548        2700        2933    
  \ 
37 
    2256        4025        336        1124        10271        10974        86        2024        10114        4285    
  \ 
38 
    9623        11280        4044        10103        332        6750        1801        476        2776        10969    
  \ 
39 
    2155        2157        8090        9054        94        6467        11423        91        119        120    
  \ 
40 
    733        863        205        475        2254        9018        11121        3024        2744        8397    
  \ 
41 
    2428        3037        4709        5733        516        2236        3261        8816        9668        6652    
  \ 
42 
    5150        5686        263        1100        1472        2455        4309        4944        5444        5689    
  \ 
43 
    2933        4309        6442        3719        5449        5540        263        3948        8101        1157    
  \ 
44 
    7989        5210        6512        8099        10356        10191        1736        5136        6203        8425    
  \ 
45 
    5431        3941        1590        2513        5883        8362        10324        4239        7561        9412    
  \ 
46 
    3599        3939        4312        3485        8426        4596        6052        3143        3940        6237    
  \ 
47 
    7055        5760        8973        9786        145        291        302        403        439        500    
  \ 
48 
    4302        136        1604        3265        4208        5348        134        521        2059        3726    
  \ 
49 
    222        2685        8447        8240        6796        922        1967        2040        2200        2956    
  \ 
50 
    396        6905        7768        7676        1845        2558        3840        4072        8469        429    
  \ 
51 
    8223        6878        1329        3165        3166        4194        4825        9173        10357        3939    
  \ 
52 
    7653        9870        3348        3356        5488        7234        1158        3377        11028        4589    
  \ 
53 
    1816        4336        6414        7434        730        7672        8328        6406        560        1118    
  \ 
54 
    10445        4749        1455        8951        7434        3475        9937        2051        8652        3141    
  \ 
55 
    949        2076        2775        7244        406        1720        2047        2297        2698        3036    
  \ 
56 
    3356        5488        7234        7653        9870        3348        4100        8436        5760        8973    
  \ 
57 
    9537        3568        1049        4183        4614        5826        7157        7762        9788        2308    
  \ 
58 
    8198        812        2787        3361        8219        921        924        2956        2975        7790    
  \ 
59 
    7942        8168        67        2788        3251        4306        10887        3949        6233        9670    
  \ 
60 
    31        6526        10182        10503        1737        2422        1595        926        1720        2434    
  \ 
61 
    5534        7063        123        2272        2742        4857        2155        2157        8293        2734    
  \ 
62 
    8962        9775        1619        3745        6508        6859        7464        9298        410        1131    
  \ 
63 
    9698        9951        655        4080        4338        6530        3394        5661        7376        8550    
  \ 
64 
    4288        6453        608        731        2257        3805        4153        4502        4886        5101    
  \ 
65 
    6783        6764        21        4074        5248        426        1460        1882        2040        2051    
  \ 
66 
    246        8598        1439        1511        6569        6735        701        8873        9453        9728    
  \ 
67 
    8666        99        2393        6600        7624        9842        10497        11256        11338        3950    
  \ 
68 
    10927        6440        7775        8348        9311        9650        3065        9797        427        527    
  \ 
69 
    4205        4438        7302        4612        9183        525        6715        3504        241        781    
  \ 
70 
    155        1958        3623        5665        6519        6890        7181        7182        7810        4285    
  \ 
71 
    1459        7296        385        2438        4886        5511        7624        7102        1192        2801    
  \ 
72 
    2091        2213        4108        6884        10063        10065        529        541        543        785    
  \ 
73 
    8558        7580        76        116        1576        1615        1662        1821        1862        1960    
  \ 
74 
    4108        10763        2793        812        957        3289        4449        4629        6056        6817    
  \ 
75 
    275        417        782        1313        1321        1322        1469        2194        2308        3183    
  \ 
76 
    1191        3066        9789        234        467        725        1428        1538        1539        1552    
  \ 
77 
    9959        6823        6897        3348        3356        5488        7234        7653        9870        1449    
  \ 
78 
    6697        159        9421        10757        6088        6338        655        6192        20        421    
  \ 
79 
    382        8190        6415        1820        3121        5621        8764        11402        11424        4705    
  \ 
80 
    7665        2676        1272        2189        3252        1302        8418        74        11049        3348    
  \ 
81 
    4848        9936        2804        3024        3413        9151        3475        3356        5488        7234    
  \ 
82 
    2288        7173        524        3392        5761        7539        8164        11042        265        1588    
  \ 
83 
    6362        7        2541        2807        3027        3475        3515        5241        5550        5674    
  \ 
84 
    4412        6138        6462        6947        4414        7647        7762        9537        4302        4446    
  \ 
85 
    5917        10386        3830        5812        8997        10962        3886        4633        6345        9528    
  \ 
86 
    4183        6784        2        3948        4544        8833        5367        9289        4617        5649    
  \ 
87 
    4101        5234        3314        6931        6847        2356        2836        4970        1306        10642    
  \ 
88 
    3548        9791        9458        10806        4737        5171        8565        5999        6178        10411    
  \ 
89 
    10344        10763        794        810        944        1074        1090        1161        2713        9078    
  \ 
90 
    6581        9309        7011        2718        4498        5284        8230        8862        9001        4755    
  \ 
91 
    7833        2676        2854        3997        9224        9717        9991        6840        1124        1251    
  \ 
92 
    3571        1125        6326        8598        2281        8873        313        3026        905        2632    
  \ 
93 
    2696        163        1465        787        3860        7385        4442        7802        134        3517    
  \ 
