1
3693 8150 8298 7735 11212 3994 2224 7230 3489 1756 6824 4463 4827 2800 265 10178 8172 5502 1502 4817 
2
1248 786 6870 4547 6958 5662 6883 265 987 7998 5630 1239 10789 2729 2218 7803 8891 2284 7113 5012 
3
4725 8563 5979 9418 7572 3272 5984 1337 9180 10039 7571 8238 5856 5045 4079 5981 6888 5250 7086 11038 
4
7762 5826 7346 8200 5437 4056 1158 5576 5450 8205 5838 7157 6138 1136 4412 2042 4596 4199 146 3595 
5
3559 4709 4422 4744 10878 635 5443 9925 3729 4811 4918 9772 1875 9168 4202 276 8952 2682 3252 2193 
6
8643 2422 5263 2934 4819 4830 9188 8431 4305 5437 3484 8134 4306 3380 1835 6997 5739 8534 2682 5440 
7
7602 5780 8863 8556 6187 2231 5379 6731 5903 9448 7130 2725 6386 10109 6569 5292 6017 9977 6184 2096 
8
8047 10790 191 3598 11217 2100 6300 8565 7507 11130 10228 987 11108 4117 5083 1998 1358 10912 11350 3774 
9
3435 6613 5901 6727 7931 6196 4641 550 70 698 8370 7933 5300 1759 4972 5071 6381 4754 3089 7014 
10
1304 7393 10204 6966 6965 5957 9770 631 8213 3938 3053 1934 3384 1621 3264 4329 4091 933 10617 9530 
11
8000 10613 2945 5453 7793 5670 8343 9777 2048 8106 5024 7655 74 1350 4925 7657 8219 4139 7656 7654 
12
10501 6043 1657 11318 5758 8132 6960 350 3033 4593 2203 426 657 2205 162 8336 8095 1074 659 4733 
13
5984 5276 6548 8563 8448 11037 7573 10039 4079 4454 5981 5250 8464 9552 8346 2458 11053 3631 3398 5873 
14
11314 7083 5979 6888 10042 5650 4077 8124 2311 5866 10626 3851 11038 1065 5561 6623 5536 8203 6260 5749 
15
2064 1472 3392 3065 9542 8326 417 10025 5152 3733 1869 3388 6763 10886 9853 3734 1848 4815 6988 260 
16
10643 8875 955 7394 1478 6269 7371 634 2335 6870 6688 1848 5781 11208 5448 2185 3158 10028 6098 9175 
17
9027 3115 4151 2161 1433 708 496 11130 585 2530 1222 94 10836 11128 10288 93 10979 9486 347 10981 
18
11139 1122 2870 7637 2633 10105 9486 7617 345 4508 1406 4394 2122 6593 7426 9741 10979 93 739 6212 
19
5400 9053 2260 3115 7519 2747 11139 2870 1122 8606 2999 2397 10105 1407 9486 1406 1004 7615 8757 10693 
20
4231 3771 1141 735 4563 10831 9228 4386 608 7028 2235 9060 2029 10438 6228 1551 6135 6491 4797 7426 
21
323 905 10130 10577 3799 5946 874 10590 8910 2118 80 478 10541 3116 4152 10871 1907 10715 733 7864 
22
11150 94 11417 8083 1141 91 7028 6400 6221 9060 7538 10438 10988 4885 483 1551 2032 608 6126 10562 
23
4501 10414 5089 6310 3549 4882 5601 9612 4404 1393 11378 5703 8453 6312 1664 4737 4784 8565 5605 81 
24
10410 1235 8758 5397 1904 7847 11378 3801 6308 9357 9735 2640 10412 9737 6663 4784 1391 11374 10256 9135 
25
9223 9894 4126 1222 708 1516 7748 2108 6855 4698 4175 629 9027 4007 5793 347 10981 9047 3351 1433 
26
1663 88 7967 2524 6398 8770 9135 2528 8078 3351 8179 2632 7613 11108 3111 5907 2016 7226 6842 5800 
27
8519 4908 10456 1441 5007 8516 3930 3825 4052 3553 1154 7774 9848 8790 6004 6037 4293 8517 124 9160 
28
4852 9935 8054 1635 9413 8252 13 6906 6893 5471 6163 8658 8824 11225 8441 4720 3616 7483 8230 4434 
29
10283 98 1805 9739 2393 10273 6934 10007 2114 6018 1354 4271 9998 7036 9023 2513 5394 11124 3004 9133 
30
1564 1435 3799 10861 8782 718 8932 9511 2734 3823 3239 10864 9449 9753 5310 1284 2765 5091 10246 3822 
31
4492 7604 2742 325 10956 1246 2358 10537 10095 207 3239 9011 4875 2110 10959 4491 1118 3104 8615 8393 
32
4052 1932 1703 124 128 3553 1154 1446 9848 6004 6037 8516 4293 8790 3930 8517 10456 914 1822 9160 
33
5935 11284 7959 10830 8923 7052 1694 124 5099 9050 9849 11408 7021 11128 1930 6331 7053 3470 11262 6134 
34
1421 9388 8884 114 109 9454 9912 706 10792 9830 9192 7855 10562 1080 2729 619 1415 1414 2413 11263 
35
10582 1429 8936 3703 2032 1556 7977 11416 2144 3586 5209 1557 5806 10999 579 369 8733 225 3922 3932 
36
4309 3139 1457 3601 7984 9060 5737 3718 10007 10438 5140 9772 6516 375 2933 9768 1551 635 9925 774 
37
6330 10271 6327 4024 3121 4982 7928 9484 2114 3798 336 8909 10974 10114 492 9745 10973 86 4025 2256 
38
213 2744 10269 8736 11240 581 11238 4139 11280 867 2648 1801 9624 10103 1248 476 10828 4044 9623 332 
39
8938 7065 3467 9519 6832 5876 9655 8295 9918 1701 11423 5207 10870 11011 5106 8417 2157 2155 909 9054 
40
2744 9483 477 8738 579 2648 1812 11240 10566 6662 475 9624 1783 9018 10112 2254 205 733 11121 863 
41
3329 6291 5734 8816 4254 4709 1535 5733 2675 9930 1586 5457 5130 4308 395 5628 3942 9069 2428 3037 
42
2427 2455 9765 2450 6515 5955 263 1994 8423 5841 1713 1100 2423 1472 6147 6514 8422 5686 6424 5444 
43
3718 7989 3252 8306 5629 5140 7984 5449 267 5832 2173 1157 263 6232 4066 6516 3601 4309 9768 2933 
44
6048 10191 4058 5414 4811 4600 4321 5629 3601 8306 8099 2173 6516 3139 9768 267 3595 3040 10356 7989 
45
9412 424 7561 5494 4808 8644 5129 3383 3484 2431 8362 1590 5844 11025 8953 5431 274 10324 938 3941 
46
8312 8806 7287 2788 7875 6427 3940 4183 6337 1586 3143 4058 147 4312 6052 3939 8099 6237 11168 3599 
47
133 11326 8845 176 4421 3529 2672 1487 1299 8466 10363 281 1626 2979 4454 4215 2210 6272 3754 10636 
48
8814 530 8844 3955 4935 7886 3265 4208 1604 9878 3755 5760 1934 3833 10745 924 151 4302 5348 8651 
49
9536 4180 9076 8134 10636 4316 8461 4443 1078 6885 5450 5180 4100 9925 5276 1159 4595 222 4209 3045 
50
3387 3497 3840 771 3605 543 10153 2558 10034 7768 6905 1824 153 7676 5727 7799 10181 396 6417 1845 
51
3489 6245 3939 7570 7074 9173 952 6779 6993 8436 5868 7717 3166 10357 4825 3163 3165 5551 6878 8223 
52
9278 6253 1061 8647 5434 5837 6628 2436 10161 7651 11170 5760 4298 7188 9070 4589 9870 399 1158 7653 
53
10029 2336 10763 3256 615 8569 9198 4422 9967 1629 2977 7779 3512 10476 6713 9349 9707 6414 1816 730 
54
7188 6774 10032 7997 11 3067 1939 2801 730 1458 10616 3475 1833 10479 8951 4099 776 10031 8652 1455 
55
3244 4089 5242 4544 2451 6226 9301 1069 4326 3036 30 2447 6157 1720 2076 9598 9562 10631 3516 949 
56
2829 540 7188 3592 440 5369 10202 10776 1204 10209 10063 8978 1200 3366 8466 1091 442 5760 11060 9091 
57
9175 4199 3177 9794 7762 9692 7173 5826 4614 7157 9851 1313 5973 9796 7695 6782 10336 3849 4074 7697 
58
4056 9850 6257 4318 8206 7985 2975 5737 1051 1867 8675 6332 921 4346 1297 6858 5536 6866 8198 7067 
59
7987 6048 4058 4709 2292 4306 4321 4600 3601 5629 8306 9670 7989 4710 2173 9768 267 10323 4811 5441 
60
2422 661 3050 7918 1737 8562 3857 6106 3162 3147 10352 3489 1077 645 2321 31 8560 9705 10182 10503 
61
8792 6586 9210 8417 2742 2280 589 6939 1218 4857 6477 9054 7065 2157 5534 2155 3658 8293 7063 123 
62
1619 678 5884 6859 8224 7159 3745 4908 2697 10357 3956 3035 3610 6508 8806 9298 8962 11322 9775 4711 
63
5979 5981 3395 1612 5980 6350 8331 5860 7086 7375 5856 10486 5250 10339 10175 9419 10039 9698 10755 9951 
64
3904 8999 10242 6120 6376 1773 4019 67 5582 8877 1232 982 11016 10925 6295 6836 2607 8876 9896 9732 
65
10173 2960 2268 5722 7463 7695 6465 10702 7691 21 2194 5470 2224 4244 4074 9098 3062 3388 7562 6783 
66
3332 1439 9439 6640 7065 2093 8590 701 480 2225 246 1328 561 10797 6580 721 10438 8873 1511 9453 
67
3950 1886 6642 6725 10088 5904 4978 9109 6930 8382 8874 8602 1266 1233 10392 6840 5293 10533 5306 2731 
68
3831 11046 7387 8004 6143 5651 7257 8672 7547 11174 3032 6602 7071 7489 3832 1830 4301 6440 1828 3065 
69
6349 5980 3398 6815 9272 11312 9566 9420 525 3506 11191 5861 7475 10043 3504 4612 4438 9183 1954 4205 
70
7181 1616 2113 8655 1958 155 4726 5300 11012 7467 11352 8894 441 1791 1744 11076 1759 9564 5377 626 
71
5161 3293 10326 4414 5821 11320 9075 9686 3291 7388 7266 385 2438 28 1459 1192 4740 7102 4886 7296 
72
2343 529 10884 543 9197 3518 6092 6435 9564 1607 9174 958 4108 541 8856 4937 10065 2213 8835 10063 
73
1862 4598 9295 9430 11291 8964 3071 3862 5869 6262 6404 8019 9432 8129 4209 534 4444 7580 11320 8558 
74
7812 1200 11061 10067 2712 803 2829 1091 11060 4449 540 442 440 10202 1204 10209 10063 8978 10763 4108 
75
417 2194 3183 9789 11034 4631 5470 1322 3392 275 1469 782 10190 7269 4342 9542 7804 1321 9083 11187 
76
2278 9789 6609 5646 3860 6994 7797 8350 2816 1191 8572 1486 3186 6804 3406 9434 7580 10319 430 3066 
77
8017 4758 10648 8596 5667 3897 2724 10071 7837 3074 553 2256 3210 8267 6190 5760 9979 7602 4625 3318 
78
10755 9698 3397 5358 7086 1475 9183 5984 9550 9180 9418 3272 11038 7572 9421 5856 4079 5250 10039 5981 
79
9941 2758 6380 8297 3121 10247 10132 2701 65 7956 11352 10579 10136 6148 8184 8764 11424 4705 8190 382 
80
3493 1763 5375 7895 6368 5488 2189 10733 8852 7653 9870 3252 2945 2676 5449 4114 1302 2680 74 7665 
81
2433 4601 7263 7166 2943 645 2806 11297 6064 3475 7654 421 4817 2948 7918 5642 6699 4848 9936 3959 
82
10896 11042 10801 2322 7503 5048 7380 5457 7539 10905 6070 5849 6332 10632 5230 1641 4346 1076 4413 6416 
83
9191 4090 10625 10033 9961 810 6099 1627 10213 7194 8466 2672 4624 8570 10192 6636 8844 1085 9807 4629 
84
9537 6948 5736 7180 8639 7775 1735 8198 5536 8211 7541 4186 6332 7777 6947 7647 7762 6866 6138 4412 
85
8627 3046 517 5917 3845 1308 9647 933 9071 5369 3718 1993 3448 5448 5832 10386 3043 9205 5332 5132 
86
3755 799 8025 10365 3628 1165 7194 2171 9878 2706 522 8328 4353 1485 3982 11052 8844 4451 3530 6683 
87
11010 510 1160 11298 4970 4101 6942 1434 5241 861 4969 2836 11094 9332 5234 834 6400 3314 2356 3665 
88
3139 11214 848 2837 3668 5293 8038 9458 1232 4737 9219 2105 8127 7006 9823 5380 6482 3994 10806 3548 
89
10496 10344 10892 10176 10889 10902 10051 1074 9078 11206 10047 10215 10155 794 9320 10185 11336 944 1090 3937 
90
4969 5629 6190 2558 4415 11294 4498 1059 2718 9188 8230 3310 9309 5284 3911 180 1348 6581 7011 11341 
91
4673 7594 2735 7833 10023 2676 6179 8810 1534 6840 2679 10614 9277 6182 3997 6581 9717 9991 2854 9224 
92
7065 2845 2833 480 10869 2281 1379 2093 2850 10668 313 6640 6484 2225 8873 8874 2632 4978 3571 1215 
93
4733 1742 2171 4442 2301 10358 10194 789 1481 2696 5645 2449 3150 163 151 533 1976 3256 7802 2964 
