1 
    29        38        47        157        265        266        380        500        619        646        753        812        886        931        990        1078        1187        1273        1286        1415        1464        1495        1499        1552        1724        1841        1850        1910        1937        1965        1976        1988        2172        2193        2289        2292        2293        2309        2324        2335        2427        2489        2672        2688        2887        2975        2978        3038        3080        3101        3114        3121        3226        3249        3281        3300        3324        3358        3363        3384        3395        3424        3485        3496        3529        3836        3867        3868        3948        3999        4067        4099        4124        4202        4316        4337        4350        4353        4411        4525        4526        4548        4549        4627        4706        4742        4744        4756        5059        5074        5172        5194        5230        5240        5369        5553        5635        5638        5738        5760        5761        5823        5864        5874        5880        6054        6069        6092        6155        6314        6316        6333        6352        6352        6373        6378        6418        6523        6614        6626        6684        6693        6803        6895        6994        7069        7087        7188        7261        7278        7356        7385        7458        7467        7473        7486        7487        7496        7552        7711        7728        7803        7877        7902        7985        7986        8000        8123        8124        8298        8305        8342        8456        8529        8648        8676        8770        8780        8811        8824        8829        8842        8969        9168        9193        9420        9679        9736        9772        9775        9782        9862        9878        9961        9962        9967        10025        10410        10457        10485        10528        10614        10749        10779        10861        10873        11020        11060        11087        11109        11258        11315        11428    
  \ 
2 
    1614        2779        3221        4663        4832        5353        5754        6229        6338        6388        6631        6967        7182        7265        7265        7472        7555        7806        8997        9430        9952        10081        10208        10238        10753        10855    
  \ 
3 
    29        38        47        157        265        266        380        500        619        646        753        812        886        931        990        1078        1187        1273        1286        1415        1464        1495        1499        1552        1724        1841        1850        1910        1937        1965        1976        1988        2172        2193        2289        2292        2293        2309        2324        2335        2427        2489        2672        2688        2887        2975        2978        3038        3080        3101        3114        3121        3226        3249        3281        3300        3324        3358        3363        3384        3395        3424        3485        3496        3529        3836        3867        3868        3948        3999        4067        4099        4124        4202        4316        4337        4350        4353        4411        4525        4526        4548        4549        4627        4706        4742        4744        4756        5059        5074        5172        5194        5230        5240        5369        5553        5635        5638        5738        5760        5761        5823        5864        5874        5880        6054        6069        6092        6155        6314        6316        6333        6352        6352        6373        6378        6418        6523        6614        6626        6684        6693        6803        6895        6994        7069        7087        7188        7261        7278        7356        7385        7458        7467        7473        7486        7487        7496        7552        7711        7728        7803        7877        7902        7985        7986        8000        8123        8124        8298        8305        8342        8456        8529        8648        8676        8770        8780        8811        8824        8829        8842        8969        9168        9193        9420        9679        9736        9772        9775        9782        9862        9878        9961        9962        9967        10025        10410        10457        10485        10528        10614        10749        10779        10861        10873        11020        11060        11087        11109        11258        11315        11428    
  \ 
4 
    282        417        1177        1312        1334        1745        1956        2332        2379        2687        2705        2947        3170        3173        3383        3452        3591        3849        4204        4243        4412        4453        4455        4820        4924        5241        5315        5560        5752        5973        6046        6138        6448        6529        6534        6719        6947        7076        7083        7173        7178        7180        7368        7654        7697        8002        8106        8200        8246        8666        9414        9692        9708        9796        9869        9946        10168        10741        10764        10805        11185        11229        11378    
  \ 
5 
    29        38        47        157        265        266        380        500        619        646        753        812        886        931        990        1078        1187        1273        1286        1415        1464        1495        1499        1552        1724        1841        1850        1910        1937        1965        1976        1988        2172        2193        2289        2292        2293        2309        2324        2335        2427        2489        2672        2688        2887        2975        2978        3038        3080        3101        3114        3121        3226        3249        3281        3300        3324        3358        3363        3384        3395        3424        3485        3496        3529        3836        3867        3868        3948        3999        4067        4099        4124        4202        4316        4337        4350        4353        4411        4525        4526        4548        4549        4627        4706        4742        4744        4756        5059        5074        5172        5194        5230        5240        5369        5553        5635        5638        5738        5760        5761        5823        5864        5874        5880        6054        6069        6092        6155        6314        6316        6333        6352        6352        6373        6378        6418        6523        6614        6626        6684        6693        6803        6895        6994        7069        7087        7188        7261        7278        7356        7385        7458        7467        7473        7486        7487        7496        7552        7711        7728        7803        7877        7902        7985        7986        8000        8123        8124        8298        8305        8342        8456        8529        8648        8676        8770        8780        8811        8824        8829        8842        8969        9168        9193        9420        9679        9736        9772        9775        9782        9862        9878        9961        9962        9967        10025        10410        10457        10485        10528        10614        10749        10779        10861        10873        11020        11060        11087        11109        11258        11315        11428    
  \ 
6 

  \ 
7 

  \ 
8 

  \ 
9 

  \ 
10 
    1314        2690        4329        4611        4839        7369        7700        8213        10035        10617    
  \ 
11 

  \ 
12 

  \ 
13 
    529        682        1190        1337        1728        1728        2209        2713        2798        3631        3641        3866        3874        4454        4703        5254        5269        5350        5671        5855        5873        6086        6539        6548        6630        6975        7110        7289        7500        7658        8464        8464        9185        9231        9963        10347        10348        10487        11053        11306    
  \ 
14 

  \ 
15 
    153        162        171        261        279        393        426        437        529        632        771        788        965        1074        1077        1186        1356        1358        1466        1585        1585        1600        1607        1627        1632        1828        1830        1831        1838        1873        1936        1949        1954        1960        2061        2064        2070        2097        2219        2439        2469        2555        2802        2947        3031        3032        3032        3065        3187        3605        3728        3833        3835        3836        3854        3936        3998        4092        4177        4197        4301        4301        4340        4340        4520        4521        4543        4593        4642        4803        4929        4956        5031        5031        5127        5173        5188        5338        5422        5424        5487        5505        5652        5726        5728        5738        5953        5953        6044        6081        6084        6144        6266        6334        6346        6347        6381        6417        6417        6418        6419        6447        6462        6529        6602        6605        6673        6674        6762        6763        6765        6781        6802        6817        6859        6861        6863        6907        6952        7068        7068        7071        7073        7160        7161        7166        7246        7250        7314        7349        7349        7351        7387        7452        7456        7457        7489        7657        7724        7765        7766        7784        7799        7829        7871        7995        8095        8097        8208        8208        8303        8305        8354        8371        8520        8523        8524        8803        8950        8967        9066        9088        9199        9276        9296        9694        9767        9780        9813        9853        9859        9899        9923        9924        10153        10181        10193        10347        10364        10466        10778        11046        11166    
  \ 
16 
    1848        3158        4602        7371        7371        8875        11186    
  \ 
17 

  \ 
18 

  \ 
19 

  \ 
20 

  \ 
21 

  \ 
22 
    219        220        375        382        474        601        603        608        608        737        747        883        911        912        1017        1023        1141        1153        1269        1427        1430        1550        1551        1803        2018        2109        2138        2139        2264        2265        2516        2522        2654        2761        2769        2891        2902        2905        2914        2970        3234        3453        3914        4160        4386        4410        4688        4797        4885        4991        5103        5217        5310        5315        5316        5325        5401        5944        5945        6128        6135        6221        6400        6491        6596        6599        6749        6750        7028        7049        7060        7143        7426        7538        7757        7856        7958        7960        8173        8515        8626        8748        8765        8775        8785        9060        9313        9375        9495        9630        9652        9843        10007        10115        10286        10300        10438        10448        10552        10594        10720        10848        10990        10991        10992        11147        11150        11156        11269        11275        11405        11417    
  \ 
23 

  \ 
24 

  \ 
25 

  \ 
26 
    916    
  \ 
27 

  \ 
28 

  \ 
29 

  \ 
30 

  \ 
31 

  \ 
32 
    128        253        500        769        914        1046        1446        1449        1703        1822        2162        2920        3243        4297        4515        8795        8797        8944        9056        9057        9154        9521        9661        10148        10451        10455        10456        10592        10726        10726        11006        11015        11018        11282        11283        11285    
  \ 
33 
    60        61        67        68        102        194        201        300        310        379        427        456        460        463        629        651        702        708        720        721        834        837        993        1105        1107        1111        1114        1149        1209        1222        1226        1230        1231        1232        1279        1284        1364        1366        1368        1370        1372        1374        1434        1443        1516        1521        1530        1649        1654        1671        1681        1773        1779        1791        1815        1885        1889        1905        1906        1927        1981        1986        1997        1998        1999        2002        2103        2106        2108        2239        2240        2241        2242        2362        2366        2368        2375        2411        2412        2413        2479        2530        2608        2610        2614        2628        2662        2715        2716        2716        2721        2723        2734        2775        2813        2853        2853        2993        3093        3202        3217        3239        3250        3358        3431        3433        3441        3542        3547        3651        3661        3671        3677        3687        3695        3696        3774        3778        3782        3786        3822        3823        3853        3935        4005        4007        4014        4015        4016        4028        4050        4093        4117        4151        4164        4169        4175        4249        4291        4379        4380        4400        4484        4568        4569        4570        4658        4662        4663        4664        4665        4697        4698        4770        4771        4868        4869        4869        4999        5078        5084        5201        5224        5228        5249        5310        5322        5382        5388        5531        5582        5583        5598        5696        5697        5759        5775        5778        5792        5793        5894        5948        5949        5999        6010        6011        6119        6120        6134        6137        6171        6178        6200        6261        6341        6393        6393        6394        6402        6466        6577        6578        6653        6729        6735        6754        6835        6836        6838        6848        6855        6900        7000        7017        7146        7150        7151        7214        7215        7217        7414        7450        7515        7516        7604        7605        7714        7748        7749        7935        7974        8058        8130        8164        8273        8275        8358        8396        8491        8495        8606        8615        8706        8710        8715        8716        8717        8731        8849        8852        8876        8877        8884        8886        8999        9027        9031        9047        9049        9104        9107        9114        9115        9129        9190        9218        9219        9222        9223        9334        9339        9365        9378        9481        9484        9486        9599        9661        9661        9689        9729        9732        9753        9804        9821        9836        9845        9847        9873        9894        9896        9897        9903        10123        10210        10229        10240        10242        10250        10260        10268        10386        10387        10389        10397        10400        10412        10425        10519        10526        10556        10587        10597        10650        10653        10653        10657        10658        10658        10660        10660        10788        10804        10864        10868        10923        10925        10926        10927        10981        10982        11001        11005        11095        11128        11210        11214        11217        11220        11231        11358        11381        11403    
  \ 
34 
    29        38        47        157        265        266        380        500        619        646        753        812        886        931        990        1078        1187        1273        1286        1415        1464        1495        1499        1552        1724        1841        1850        1910        1937        1965        1976        1988        2172        2193        2289        2292        2293        2309        2324        2335        2427        2489        2672        2688        2887        2975        2978        3038        3080        3101        3114        3121        3226        3249        3281        3300        3324        3358        3363        3384        3395        3424        3485        3496        3529        3836        3867        3868        3948        3999        4067        4099        4124        4202        4316        4337        4350        4353        4411        4525        4526        4548        4549        4627        4706        4742        4744        4756        5059        5074        5172        5194        5230        5240        5369        5553        5635        5638        5738        5760        5761        5823        5864        5874        5880        6054        6069        6092        6155        6314        6316        6333        6352        6352        6373        6378        6418        6523        6614        6626        6684        6693        6803        6895        6994        7069        7087        7188        7261        7278        7356        7385        7458        7467        7473        7486        7487        7496        7552        7711        7728        7803        7877        7902        7985        7986        8000        8123        8124        8298        8305        8342        8456        8529        8648        8676        8770        8780        8811        8824        8829        8842        8969        9168        9193        9420        9679        9736        9772        9775        9782        9862        9878        9961        9962        9967        10025        10410        10457        10485        10528        10614        10749        10779        10861        10873        11020        11060        11087        11109        11258        11315        11428    
  \ 
35 
    225        307        308        345        355        579        581        739        953        1000        1557        1921        2144        2393        2394        2497        2723        3200        3686        3703        3922        4286        4783        4983        5094        5301        5392        5687        5795        5806        7053        7514        7977        8619        8669        8733        8737        9043        9150        9219        9357        9361        9735        10083        10111        10448        10847        10999        11262    
  \ 
36 
    29        38        47        157        265        266        380        500        619        646        753        812        886        931        990        1078        1187        1273        1286        1415        1464        1495        1499        1552        1724        1841        1850        1910        1937        1965        1976        1988        2172        2193        2289        2292        2293        2309        2324        2335        2427        2489        2672        2688        2887        2975        2978        3038        3080        3101        3114        3121        3226        3249        3281        3300        3324        3358        3363        3384        3395        3424        3485        3496        3529        3836        3867        3868        3948        3999        4067        4099        4124        4202        4316        4337        4350        4353        4411        4525        4526        4548        4549        4627        4706        4742        4744        4756        5059        5074        5172        5194        5230        5240        5369        5553        5635        5638        5738        5760        5761        5823        5864        5874        5880        6054        6069        6092        6155        6314        6316        6333        6352        6352        6373        6378        6418        6523        6614        6626        6684        6693        6803        6895        6994        7069        7087        7188        7261        7278        7356        7385        7458        7467        7473        7486        7487        7496        7552        7711        7728        7803        7877        7902        7985        7986        8000        8123        8124        8298        8305        8342        8456        8529        8648        8676        8770        8780        8811        8824        8829        8842        8969        9168        9193        9420        9679        9736        9772        9775        9782        9862        9878        9961        9962        9967        10025        10410        10457        10485        10528        10614        10749        10779        10861        10873        11020        11060        11087        11109        11258        11315        11428    
  \ 
37 
    29        38        47        157        265        266        380        500        619        646        753        812        886        931        990        1078        1187        1273        1286        1415        1464        1495        1499        1552        1724        1841        1850        1910        1937        1965        1976        1988        2172        2193        2289        2292        2293        2309        2324        2335        2427        2489        2672        2688        2887        2975        2978        3038        3080        3101        3114        3121        3226        3249        3281        3300        3324        3358        3363        3384        3395        3424        3485        3496        3529        3836        3867        3868        3948        3999        4067        4099        4124        4202        4316        4337        4350        4353        4411        4525        4526        4548        4549        4627        4706        4742        4744        4756        5059        5074        5172        5194        5230        5240        5369        5553        5635        5638        5738        5760        5761        5823        5864        5874        5880        6054        6069        6092        6155        6314        6316        6333        6352        6352        6373        6378        6418        6523        6614        6626        6684        6693        6803        6895        6994        7069        7087        7188        7261        7278        7356        7385        7458        7467        7473        7486        7487        7496        7552        7711        7728        7803        7877        7902        7985        7986        8000        8123        8124        8298        8305        8342        8456        8529        8648        8676        8770        8780        8811        8824        8829        8842        8969        9168        9193        9420        9679        9736        9772        9775        9782        9862        9878        9961        9962        9967        10025        10410        10457        10485        10528        10614        10749        10779        10861        10873        11020        11060        11087        11109        11258        11315        11428    
  \ 
38 
    80        83        89        111        220        230        249        258        336        361        373        475        512        535        581        603        717        781        892        913        935        966        1004        1009        1252        1263        1265        1270        1277        1295        1388        1391        1413        1441        1444        1659        1703        1709        1816        1883        2389        2414        2516        2600        2648        2654        2661        2740        2765        2766        2898        2904        2991        3059        3108        3298        3357        3585        3728        3831        3993        4086        4224        4266        4266        4270        4281        4284        4342        4364        4375        4397        4479        4559        4578        4628        4639        4694        4801        4818        4823        4900        4966        5002        5186        5285        5339        5519        5528        5622        5720        5927        5935        6027        6068        6107        6207        6217        6219        6223        6308        6313        6325        6415        6427        6529        6575        6597        6658        6717        6718        6828        7088        7096        7176        7208        7236        7336        7351        7413        7468        7502        7522        7773        7860        7865        7945        8183        8185        8187        8301        8396        8398        8415        8470        8492        8501        8515        8774        8915        8941        9037        9047        9131        9158        9159        9160        9352        9361        9364        9524        9611        9639        9647        9647        9747        9839        9880        9993        10104        10120        10142        10257        10311        10537        10576        10709        10718        10990        11008        11019        11091        11114        11165        11218        11221        11236        11257        11261        11372        11376    
  \ 
39 

  \ 
40 
    83        330        660        692        703        733        863        1073        1385        1696        1763        1783        1883        1898        2012        2231        2620        2722        2746        3098        3241        3353        3434        3549        3583        3766        3802        3916        3997        4398        4635        4810        4897        4962        5264        5325        5403        5555        5594        5622        6112        6254        6449        6656        6855        6894        7180        7322        7384        7484        8390        8727        8992        9002        9464        9476        9592        9819        10112        10146        10270        10345        10418        10535        10537        10545        10725        10727        10792        10981        11240        11249        11376    
  \ 
41 

  \ 
42 

  \ 
43 
    1158        1974        5500        5711    
  \ 
44 
    66        74        230        407        657        802        895        933        1166        1311        1419        1601        1683        1708        1729        1805        1871        1965        2136        2140        2190        2218        2266        2314        2393        2393        2429        2939        2944        3159        3620        4000        4243        4487        4571        4572        4954        5057        5131        5345        5368        5414        5444        5445        5477        5494        5536        5575        5593        5770        5819        5819        5820        5857        5879        5950        6001        6093        6101        6121        6457        6533        6696        6779        6852        6902        6919        6982        7003        7013        7106        7175        7176        7194        7240        7341        7374        7461        7477        7652        7944        8248        8414        8462        8568        8611        8819        8841        8908        8969        8976        9007        9069        9250        9273        9280        9636        9659        9670        9676        9749        9770        9771        9839        9851        10001        10170        10189        10431        10452        10733        10995        11317    
  \ 
45 
    1186        3714        3806        3978        4238        4535        5077        5164        5494        5758        6700        7813        8791        8953        9371        10503        11233    
  \ 
46 

  \ 
47 

  \ 
48 

  \ 
49 
    26        135        255        398        420        459        523        551        553        614        693        785        790        888        964        1050        1155        1164        1229        1329        1329        1456        1705        1729        1856        1870        1970        1970        2123        2145        2189        2233        2456        2472        2499        2500        2569        2570        2671        2688        2772        2890        2890        2909        3045        3109        3161        3210        3281        3287        3349        3374        3374        3405        3430        4038        4061        4067        4209        4211        4316        4414        4536        4584        4691        4708        4736        4861        4933        4943        5349        5407        5595        5651        5708        5762        5803        5809        5821        5941        5961        6068        6149        6159        6350        6546        6620        6620        6675        6885        6968        7015        7075        7080        7102        7163        7296        7354        7438        7470        7519        7519        7598        7598        7636        7751        7804        7886        7932        8088        8123        8125        8154        8192        8226        8236        8267        8297        8403        8404        8457        8509        8524        8557        8559        8582        8693        8805        8832        8832        8839        8962        9013        9053        9100        9109        9152        9178        9283        9321        9380        9381        9496        9566        9622        9646        9668        9670        9685        9686        9723        9756        9791        9794        9886        9925        9941        10036        10105        10132        10313        10498        10521        10624        10744        10812        10823        10824        11076        11116        11158        11200        11240        11273        11385    
  \ 
50 
    153        162        171        261        279        393        426        437        529        632        771        788        965        1074        1077        1186        1356        1358        1466        1585        1585        1600        1607        1627        1632        1828        1830        1831        1838        1873        1936        1949        1954        1960        2061        2064        2070        2097        2219        2439        2469        2555        2802        2947        3031        3032        3032        3065        3187        3605        3728        3833        3835        3836        3854        3936        3998        4092        4177        4197        4301        4301        4340        4340        4520        4521        4543        4593        4642        4803        4929        4956        5031        5031        5127        5173        5188        5338        5422        5424        5487        5505        5652        5726        5728        5738        5953        5953        6044        6081        6084        6144        6266        6334        6346        6347        6381        6417        6417        6418        6419        6447        6462        6529        6602        6605        6673        6674        6762        6763        6765        6781        6802        6817        6859        6861        6863        6907        6952        7068        7068        7071        7073        7160        7161        7166        7246        7250        7314        7349        7349        7351        7387        7452        7456        7457        7489        7657        7724        7765        7766        7784        7799        7829        7871        7995        8095        8097        8208        8208        8303        8305        8354        8371        8520        8523        8524        8803        8950        8967        9066        9088        9199        9276        9296        9694        9767        9780        9813        9853        9859        9899        9923        9924        10153        10181        10193        10347        10364        10466        10778        11046        11166    
  \ 
51 
    104        113        217        344        345        370        484        489        588        878        1036        1123        1278        1339        1430        1439        1688        1785        1817        1901        2030        2111        2117        2131        2275        2402        2409        2623        2635        2745        2818        2866        2909        2990        3005        3803        3816        3818        3917        3928        4103        4153        4504        4521        4580        4684        4779        4797        4884        4892        4893        4903        4903        4908        4987        5005        5102        5115        5208        5214        5409        5611        5611        5705        5715        5806        5867        5932        5935        6036        6132        6211        6212        6222        6403        6586        6592        6593        6816        7021        7045        7144        7268        7435        7436        7439        7554        7617        7636        7637        7953        7954        8082        8092        8405        8406        8510        8515        8617        8730        8741        8906        8907        8920        8930        9032        9144        9258        9375        9393        9483        9522        9542        9622        9640        9648        9745        9918        9945        10009        10010        10100        10128        10284        10439        10451        10543        10553        10555        10573        10594        10701        10825        10885        10966        10967        10983        10987        10989        11116        11144        11163        11240        11254        11270        11408        11417    
  \ 
52 
    2543        3044        5017        5531        8934    
  \ 
53 

  \ 
54 

  \ 
55 

  \ 
56 
    29        38        47        157        265        266        380        500        619        646        753        812        886        931        990        1078        1187        1273        1286        1415        1464        1495        1499        1552        1724        1841        1850        1910        1937        1965        1976        1988        2172        2193        2289        2292        2293        2309        2324        2335        2427        2489        2672        2688        2887        2975        2978        3038        3080        3101        3114        3121        3226        3249        3281        3300        3324        3358        3363        3384        3395        3424        3485        3496        3529        3836        3867        3868        3948        3999        4067        4099        4124        4202        4316        4337        4350        4353        4411        4525        4526        4548        4549        4627        4706        4742        4744        4756        5059        5074        5172        5194        5230        5240        5369        5553        5635        5638        5738        5760        5761        5823        5864        5874        5880        6054        6069        6092        6155        6314        6316        6333        6352        6352        6373        6378        6418        6523        6614        6626        6684        6693        6803        6895        6994        7069        7087        7188        7261        7278        7356        7385        7458        7467        7473        7486        7487        7496        7552        7711        7728        7803        7877        7902        7985        7986        8000        8123        8124        8298        8305        8342        8456        8529        8648        8676        8770        8780        8811        8824        8829        8842        8969        9168        9193        9420        9679        9736        9772        9775        9782        9862        9878        9961        9962        9967        10025        10410        10457        10485        10528        10614        10749        10779        10861        10873        11020        11060        11087        11109        11258        11315        11428    
  \ 
57 
    282        417        1177        1312        1334        1745        1956        2332        2379        2687        2705        2947        3170        3173        3383        3452        3591        3849        4204        4243        4412        4453        4455        4820        4924        5241        5315        5560        5752        5973        6046        6138        6448        6529        6534        6719        6947        7076        7083        7173        7178        7180        7368        7654        7697        8002        8106        8200        8246        8666        9414        9692        9708        9796        9869        9946        10168        10741        10764        10805        11185        11229        11378    
  \ 
58 

  \ 
59 

  \ 
60 
    31        302        514        1069        1297        1737        1785        2328        2422        2681        3023        3278        3306        3914        4664        4727        5958        6247        6247        6396        8647        8983        9059        9120        9121        9508        9600        10089        10122        10182        10503        10630        11109    
  \ 
61 
    123        2311        3322        3658        4857        5923        5978        6323        6643        6845        6939        6939        7063        7224        7729        8285        9106        9236        10142    
  \ 
62 
    37        38        39        130        132        133        138        151        165        169        175        256        257        281        402        424        431        432        443        502        504        532        666        667        802        952        960        1025        1053        1054        1159        1178        1184        1187        1299        1300        1485        1486        1487        1489        1499        1604        1617        1626        1628        1630        1632        1706        1750        1751        1824        1825        1842        1864        1865        1873        1875        1934        1936        1944        1950        1963        1964        1966        1974        1975        1976        1977        2058        2085        2086        2087        2172        2186        2190        2203        2205        2210        2211        2285        2294        2316        2322        2336        2337        2450        2463        2465        2542        2567        2568        2577        2695        2696        2697        2698        2706        2781        2783        2801        2816        2821        2822        2935        2936        2953        2961        2962        2963        2964        2966        2970        2979        2981        3053        3054        3072        3136        3144        3145        3186        3189        3245        3253        3263        3264        3265        3297        3299        3361        3361        3362        3366        3403        3404        3406        3496        3528        3529        3530        3536        3610        3627        3628        3641        3642        3644        3645        3646        3657        3711        3720        3753        3754        3755        3756        3833        3835        3856        3858        3860        3860        3861        3867        3868        3935        3954        3975        3984        4102        4103        4104        4177        4208        4209        4214        4215        4216        4327        4442        4444        4452        4453        4454        4455        4518        4518        4526        4547        4548        4549        4617        4618        4627        4629        4630        4707        4711        4735        4811        4825        4842        4919        4957        5124        5165        5166        5169        5170        5172        5273        5274        5338        5348        5368        5421        5489        5545        5646        5674        5679        5760        5768        5771        5846        5878        5886        5987        6069        6099        6099        6099        6100        6100        6101        6171        6173        6248        6253        6272        6337        6337        6342        6360        6369        6437        6455        6508        6543        6609        6610        6610        6767        6768        6768        6769        6770        6776        6777        6777        6778        6779        6803        6804        6804        6805        6808        6814        6815        6994        6994        6995        7073        7201        7267        7303        7361        7406        7451        7464        7488        7547        7548        7549        7559        7580        7584        7672        7674        7674        7676        7677        7678        7679        7679        7680        7681        7682        7780        7797        7797        7798        7801        7905        7912        7913        7993        7993        8019        8110        8114        8133        8251        8300        8316        8340        8350        8351        8352        8355        8426        8429        8459        8466        8466        8467        8468        8534        8549        8570        8571        8572        8573        8652        8677        8679        8806        8807        8834        8836        8838        8844        8845        8968        9089        9192        9194        9276        9307        9308        9429        9434        9570        9571        9580        9672        9676        9779        9813        9814        9858        9878        9956        10037        10053        10054        10198        10199        10319        10356        10357        10363        10473        10497        10498        10567        10635        10636        10738        10767        10842        11318        11319        11322        11326        11327    
  \ 
63 
    9951    
  \ 
64 
    60    
  \ 
65 
    2183        4808        5722        7117        9253        10609        10734    
  \ 
66 

  \ 
67 
    1379        2331        2365        5961        6807        7595        7763        7821        9178        9686        9791        10069        10624        10997        11096    
  \ 
68 

  \ 
69 
    160        393        541        574        608        1077        1086        1188        1456        1607        1638        1954        2170        2331        2477        2548        2609        2794        2802        2847        2956        2973        3043        3081        3325        3392        3504        3513        3518        3523        3605        3625        3730        3832        3877        4113        4217        4255        4341        4533        4696        4748        4781        4937        5033        5086        5116        5136        5257        5470        5549        5569        5666        6068        6081        6092        6176        6262        6435        6436        6686        6760        6763        6766        6790        6809        6838        6884        6968        6984        7156        7247        7475        7591        7710        7874        7943        7994        8107        8393        8533        8567        8676        8680        8776        8835        8850        8856        9088        9161        9174        9182        9183        9190        9197        9198        9199        9272        9425        9553        9564        9566        9576        10065        10153        10181        10327        10332        10341        10450        10503        10631        10758        10884        10897        11050        11174        11191        11198        11312        11427    
  \ 
70 

  \ 
71 
    26        135        255        398        420        459        523        551        553        614        693        785        790        888        964        1050        1155        1164        1229        1329        1329        1456        1705        1729        1856        1870        1970        1970        2123        2145        2189        2233        2456        2472        2499        2500        2569        2570        2671        2688        2772        2890        2890        2909        3045        3109        3161        3210        3281        3287        3349        3374        3374        3405        3430        4038        4061        4067        4209        4211        4316        4414        4536        4584        4691        4708        4736        4861        4933        4943        5349        5407        5595        5651        5708        5762        5803        5809        5821        5941        5961        6068        6149        6159        6350        6546        6620        6620        6675        6885        6968        7015        7075        7080        7102        7163        7296        7354        7438        7470        7519        7519        7598        7598        7636        7751        7804        7886        7932        8088        8123        8125        8154        8192        8226        8236        8267        8297        8403        8404        8457        8509        8524        8557        8559        8582        8693        8805        8832        8832        8839        8962        9013        9053        9100        9109        9152        9178        9283        9321        9380        9381        9496        9566        9622        9646        9668        9670        9685        9686        9723        9756        9791        9794        9886        9925        9941        10036        10105        10132        10313        10498        10521        10624        10744        10812        10823        10824        11076        11116        11158        11200        11240        11273        11385    
  \ 
72 
    160        393        541        574        608        1077        1086        1188        1456        1607        1638        1954        2170        2331        2477        2548        2609        2794        2802        2847        2956        2973        3043        3081        3325        3392        3504        3513        3518        3523        3605        3625        3730        3832        3877        4113        4217        4255        4341        4533        4696        4748        4781        4937        5033        5086        5116        5136        5257        5470        5549        5569        5666        6068        6081        6092        6176        6262        6435        6436        6686        6760        6763        6766        6790        6809        6838        6884        6968        6984        7156        7247        7475        7591        7710        7874        7943        7994        8107        8393        8533        8567        8676        8680        8776        8835        8850        8856        9088        9161        9174        9182        9183        9190        9197        9198        9199        9272        9425        9553        9564        9566        9576        10065        10153        10181        10327        10332        10341        10450        10503        10631        10758        10884        10897        11050        11174        11191        11198        11312        11427    
  \ 
73 
    37        38        39        130        132        133        138        151        165        169        175        256        257        281        402        424        431        432        443        502        504        532        666        667        802        952        960        1025        1053        1054        1159        1178        1184        1187        1299        1300        1485        1486        1487        1489        1499        1604        1617        1626        1628        1630        1632        1706        1750        1751        1824        1825        1842        1864        1865        1873        1875        1934        1936        1944        1950        1963        1964        1966        1974        1975        1976        1977        2058        2085        2086        2087        2172        2186        2190        2203        2205        2210        2211        2285        2294        2316        2322        2336        2337        2450        2463        2465        2542        2567        2568        2577        2695        2696        2697        2698        2706        2781        2783        2801        2816        2821        2822        2935        2936        2953        2961        2962        2963        2964        2966        2970        2979        2981        3053        3054        3072        3136        3144        3145        3186        3189        3245        3253        3263        3264        3265        3297        3299        3361        3361        3362        3366        3403        3404        3406        3496        3528        3529        3530        3536        3610        3627        3628        3641        3642        3644        3645        3646        3657        3711        3720        3753        3754        3755        3756        3833        3835        3856        3858        3860        3860        3861        3867        3868        3935        3954        3975        3984        4102        4103        4104        4177        4208        4209        4214        4215        4216        4327        4442        4444        4452        4453        4454        4455        4518        4518        4526        4547        4548        4549        4617        4618        4627        4629        4630        4707        4711        4735        4811        4825        4842        4919        4957        5124        5165        5166        5169        5170        5172        5273        5274        5338        5348        5368        5421        5489        5545        5646        5674        5679        5760        5768        5771        5846        5878        5886        5987        6069        6099        6099        6099        6100        6100        6101        6171        6173        6248        6253        6272        6337        6337        6342        6360        6369        6437        6455        6508        6543        6609        6610        6610        6767        6768        6768        6769        6770        6776        6777        6777        6778        6779        6803        6804        6804        6805        6808        6814        6815        6994        6994        6995        7073        7201        7267        7303        7361        7406        7451        7464        7488        7547        7548        7549        7559        7580        7584        7672        7674        7674        7676        7677        7678        7679        7679        7680        7681        7682        7780        7797        7797        7798        7801        7905        7912        7913        7993        7993        8019        8110        8114        8133        8251        8300        8316        8340        8350        8351        8352        8355        8426        8429        8459        8466        8466        8467        8468        8534        8549        8570        8571        8572        8573        8652        8677        8679        8806        8807        8834        8836        8838        8844        8845        8968        9089        9192        9194        9276        9307        9308        9429        9434        9570        9571        9580        9672        9676        9779        9813        9814        9858        9878        9956        10037        10053        10054        10198        10199        10319        10356        10357        10363        10473        10497        10498        10567        10635        10636        10738        10767        10842        11318        11319        11322        11326        11327    
  \ 
74 

  \ 
75 

  \ 
76 
    37        38        39        130        132        133        138        151        165        169        175        256        257        281        402        424        431        432        443        502        504        532        666        667        802        952        960        1025        1053        1054        1159        1178        1184        1187        1299        1300        1485        1486        1487        1489        1499        1604        1617        1626        1628        1630        1632        1706        1750        1751        1824        1825        1842        1864        1865        1873        1875        1934        1936        1944        1950        1963        1964        1966        1974        1975        1976        1977        2058        2085        2086        2087        2172        2186        2190        2203        2205        2210        2211        2285        2294        2316        2322        2336        2337        2450        2463        2465        2542        2567        2568        2577        2695        2696        2697        2698        2706        2781        2783        2801        2816        2821        2822        2935        2936        2953        2961        2962        2963        2964        2966        2970        2979        2981        3053        3054        3072        3136        3144        3145        3186        3189        3245        3253        3263        3264        3265        3297        3299        3361        3361        3362        3366        3403        3404        3406        3496        3528        3529        3530        3536        3610        3627        3628        3641        3642        3644        3645        3646        3657        3711        3720        3753        3754        3755        3756        3833        3835        3856        3858        3860        3860        3861        3867        3868        3935        3954        3975        3984        4102        4103        4104        4177        4208        4209        4214        4215        4216        4327        4442        4444        4452        4453        4454        4455        4518        4518        4526        4547        4548        4549        4617        4618        4627        4629        4630        4707        4711        4735        4811        4825        4842        4919        4957        5124        5165        5166        5169        5170        5172        5273        5274        5338        5348        5368        5421        5489        5545        5646        5674        5679        5760        5768        5771        5846        5878        5886        5987        6069        6099        6099        6099        6100        6100        6101        6171        6173        6248        6253        6272        6337        6337        6342        6360        6369        6437        6455        6508        6543        6609        6610        6610        6767        6768        6768        6769        6770        6776        6777        6777        6778        6779        6803        6804        6804        6805        6808        6814        6815        6994        6994        6995        7073        7201        7267        7303        7361        7406        7451        7464        7488        7547        7548        7549        7559        7580        7584        7672        7674        7674        7676        7677        7678        7679        7679        7680        7681        7682        7780        7797        7797        7798        7801        7905        7912        7913        7993        7993        8019        8110        8114        8133        8251        8300        8316        8340        8350        8351        8352        8355        8426        8429        8459        8466        8466        8467        8468        8534        8549        8570        8571        8572        8573        8652        8677        8679        8806        8807        8834        8836        8838        8844        8845        8968        9089        9192        9194        9276        9307        9308        9429        9434        9570        9571        9580        9672        9676        9779        9813        9814        9858        9878        9956        10037        10053        10054        10198        10199        10319        10356        10357        10363        10473        10497        10498        10567        10635        10636        10738        10767        10842        11318        11319        11322        11326        11327    
  \ 
77 
    680        4355        4521        5667        5991        6096        6141        7295        7581        7585        8017        8135        8139        8451        8842        9964    
  \ 
78 

  \ 
79 
    9182    
  \ 
80 
    9        11        114        115        116        131        147        164        178        180        255        259        286        288        290        403        411        438        444        516        543        574        614        640        789        793        802        877        921        969        1008        1012        1023        1068        1088        1094        1156        1164        1261        1301        1317        1323        1332        1456        1484        1496        1539        1584        1628        1629        1717        1742        1743        1748        1749        1847        1863        1935        1939        1957        1963        1968        1983        2046        2059        2137        2215        2285        2307        2316        2335        2404        2422        2449        2452        2459        2501        2547        2572        2648        2669        2673        2677        2697        2699        2760        2769        2895        2958        3029        3036        3046        3085        3140        3150        3176        3188        3203        3296        3304        3313        3341        3414        3439        3483        3514        3518        3527        3531        3598        3621        3647        3786        3832        3854        3870        3875        3938        3946        3988        4061        4080        4108        4279        4295        4602        4612        4620        4625        4715        4817        4822        4955        4958        4979        5119        5151        5163        5210        5259        5449        5489        5525        5570        5645        5684        5748        5849        5872        5878        5886        5888        5946        5995        6039        6100        6166        6169        6171        6338        6368        6372        6464        6499        6673        6793        6854        6863        6881        7266        7270        7271        7472        7585        7675        7704        7719        7722        7782        7802        7809        7823        7828        7839        7913        7939        8017        8019        8027        8054        8085        8100        8108        8127        8131        8238        8299        8300        8316        8338        8341        8345        8433        8436        8437        8460        8480        8555        8559        8644        8651        8678        8679        8744        8787        8806        8810        8852        8859        8891        8896        8946        8957        8975        9066        9075        9090        9193        9199        9297        9312        9316        9401        9407        9407        9435        9566        9567        9577        9580        9581        9611        9763        9794        9804        9814        9846        9863        10024        10046        10173        10213        10355        10358        10465        10466        10576        10593        10615        10616        10744        10756        10809        10891        10905        10944        11022        11033        11049        11053        11097        11104        11177        11178        11211        11276        11291        11328        11328        11339        11421    
  \ 
81 

  \ 
82 
    9        11        114        115        116        131        147        164        178        180        255        259        286        288        290        403        411        438        444        516        543        574        614        640        789        793        802        877        921        969        1008        1012        1023        1068        1088        1094        1156        1164        1261        1301        1317        1323        1332        1456        1484        1496        1539        1584        1628        1629        1717        1742        1743        1748        1749        1847        1863        1935        1939        1957        1963        1968        1983        2046        2059        2137        2215        2285        2307        2316        2335        2404        2422        2449        2452        2459        2501        2547        2572        2648        2669        2673        2677        2697        2699        2760        2769        2895        2958        3029        3036        3046        3085        3140        3150        3176        3188        3203        3296        3304        3313        3341        3414        3439        3483        3514        3518        3527        3531        3598        3621        3647        3786        3832        3854        3870        3875        3938        3946        3988        4061        4080        4108        4279        4295        4602        4612        4620        4625        4715        4817        4822        4955        4958        4979        5119        5151        5163        5210        5259        5449        5489        5525        5570        5645        5684        5748        5849        5872        5878        5886        5888        5946        5995        6039        6100        6166        6169        6171        6338        6368        6372        6464        6499        6673        6793        6854        6863        6881        7266        7270        7271        7472        7585        7675        7704        7719        7722        7782        7802        7809        7823        7828        7839        7913        7939        8017        8019        8027        8054        8085        8100        8108        8127        8131        8238        8299        8300        8316        8338        8341        8345        8433        8436        8437        8460        8480        8555        8559        8644        8651        8678        8679        8744        8787        8806        8810        8852        8859        8891        8896        8946        8957        8975        9066        9075        9090        9193        9199        9297        9312        9316        9401        9407        9407        9435        9566        9567        9577        9580        9581        9611        9763        9794        9804        9814        9846        9863        10024        10046        10173        10213        10355        10358        10465        10466        10576        10593        10615        10616        10744        10756        10809        10891        10905        10944        11022        11033        11049        11053        11097        11104        11177        11178        11211        11276        11291        11328        11328        11339        11421    
  \ 
83 

  \ 
84 

  \ 
85 
    9        11        114        115        116        131        147        164        178        180        255        259        286        288        290        403        411        438        444        516        543        574        614        640        789        793        802        877        921        969        1008        1012        1023        1068        1088        1094        1156        1164        1261        1301        1317        1323        1332        1456        1484        1496        1539        1584        1628        1629        1717        1742        1743        1748        1749        1847        1863        1935        1939        1957        1963        1968        1983        2046        2059        2137        2215        2285        2307        2316        2335        2404        2422        2449        2452        2459        2501        2547        2572        2648        2669        2673        2677        2697        2699        2760        2769        2895        2958        3029        3036        3046        3085        3140        3150        3176        3188        3203        3296        3304        3313        3341        3414        3439        3483        3514        3518        3527        3531        3598        3621        3647        3786        3832        3854        3870        3875        3938        3946        3988        4061        4080        4108        4279        4295        4602        4612        4620        4625        4715        4817        4822        4955        4958        4979        5119        5151        5163        5210        5259        5449        5489        5525        5570        5645        5684        5748        5849        5872        5878        5886        5888        5946        5995        6039        6100        6166        6169        6171        6338        6368        6372        6464        6499        6673        6793        6854        6863        6881        7266        7270        7271        7472        7585        7675        7704        7719        7722        7782        7802        7809        7823        7828        7839        7913        7939        8017        8019        8027        8054        8085        8100        8108        8127        8131        8238        8299        8300        8316        8338        8341        8345        8433        8436        8437        8460        8480        8555        8559        8644        8651        8678        8679        8744        8787        8806        8810        8852        8859        8891        8896        8946        8957        8975        9066        9075        9090        9193        9199        9297        9312        9316        9401        9407        9407        9435        9566        9567        9577        9580        9581        9611        9763        9794        9804        9814        9846        9863        10024        10046        10173        10213        10355        10358        10465        10466        10576        10593        10615        10616        10744        10756        10809        10891        10905        10944        11022        11033        11049        11053        11097        11104        11177        11178        11211        11276        11291        11328        11328        11339        11421    
  \ 
86 

  \ 
87 
    104        153        191        319        350        455        510        538        632        672        695        709        770        801        830        861        916        919        972        986        1062        1203        1278        1427        1550        1555        1606        1632        1686        1697        1764        1922        1944        2100        2167        2248        2269        2270        2435        2437        2477        2504        2678        2720        2859        3060        3072        3127        3180        3187        3266        3330        3415        3422        3426        3436        3728        3795        3795        3976        3984        4192        4391        4399        4415        4432        4591        4606        4718        4765        4957        4966        4967        4994        5127        5145        5345        5401        5464        5548        5655        5714        5887        5889        5889        6102        6102        6202        6243        6272        6297        6400        6475        6692        6873        7019        7051        7165        7382        7441        7502        7526        7734        7836        7967        8034        8051        8067        8182        8319        8320        8467        8499        8657        8765        9082        9209        9216        9254        9257        9571        9630        9721        9837        9887        9990        10016        10094        10205        10413        10989        11084        11094        11141        11164        11211        11260        11350        11361        11397    
  \ 
88 
    181        716        811        990        1307        1465        1534        1890        1989        1992        2103        2105        2679        2735        3997        4018        4720        4758        4759        5380        5514        6017        6179        6202        6581        7606        7736        7834        8061        8067        8169        8499        8712        8810        8882        8988        9277        9316        9403        9458        9538        9717        9837        9991        10023        10163        10614        10616        10807        11030        11033    
  \ 
89 

  \ 
90 
    86        180        196        310        974        1007        1098        1210        1366        1366        1881        2106        2256        2472        2558        2719        2725        2828        3121        3225        3306        3318        3616        3685        3788        4014        4240        4458        4664        4735        4862        5280        5383        5583        5679        5679        5787        6002        6006        6132        6519        6576        7011        7137        7325        7515        7516        7603        7928        8037        8057        8156        8230        8316        8984        9001        9067        9460        9616        9779        9972        10240        10245        10245        10517        10658        10658        10973        10989        11087        11096        11341        11388    
  \ 
91 

  \ 
92 

  \ 
93 

  \ 
